0 0.005 0.01 0.015 0.02 0.025 0.03 0.035 0.04 0.045 0.05 0.055 0.06 0.065 0.07 0.075 0.08 0.085 0.09 0.095 0.1 0.105 0.11 0.115 0.12 0.125 0.13 0.135 0.14 0.145 0.15 0.155 0.16 0.165 0.17 0.175 0.18 0.185 0.19 0.195 0.2 0.205 0.21 0.215 0.22 0.225 0.23 0.235 0.24 0.245 0.25 0.255 0.26 0.265 0.27 0.275 0.28 0.285 0.29 0.295 0.3 0.305 0.31 0.315 0.32 0.325 0.33 0.335 0.34 0.345 0.35 0.355 0.36 0.365 0.37 0.375 0.38 0.385 0.39 0.395 0.4 0.405 0.41 0.415 0.42 0.425 0.43 0.435 0.44 0.445 0.45 0.455 0.46 0.465 0.47 0.475 0.48 0.485 0.49 0.495 0.5 0.505 0.51 0.515 0.52 0.525 0.53 0.535 0.54 0.545 0.55 0.555 0.56 0.565 0.57 0.575 0.58 0.585 0.59 0.595 0.6 0.605 0.61 0.615 0.62 0.625 0.63 0.635 0.64 0.645 0.65 0.655 0.66 0.665 0.67 0.675 0.68 0.685 0.69 0.695 0.7 0.705 0.71 0.715 0.72 0.725 0.73 0.735 0.74 0.745 0.75 0.755 0.76 0.765 0.77 0.775 0.78 0.785 0.79 0.795 0.8 0.805 0.81 0.815 0.82 0.825 0.83 0.835 0.84 0.845 0.85 0.855 0.86 0.865 0.87 0.875 0.88 0.885 0.89 0.895 0.9 0.905 0.91 0.915 0.92 0.925 0.93 0.935 0.94 0.945 0.95 0.955 0.96 0.965 0.97 0.975 0.98 0.985 0.99 0.995 1 
0 0.1 0.2 0.3 0.4 0.5 0.6 0.7 0.8 0.9 1 
0 0.309017 0.587785 0.809017 0.951057 1 0.951057 0.809017 0.587785 0.309017 1.22465e-16 
0 0.308064 0.585972 0.806522 0.948123 0.996916 0.948123 0.806522 0.585972 0.308064 0 
0 0.305226 0.580575 0.799092 0.939389 0.987732 0.939389 0.799092 0.580575 0.305226 0 
0 0.300521 0.571625 0.786774 0.924908 0.972506 0.924908 0.786774 0.571625 0.300521 0 
0 0.293977 0.559178 0.769642 0.904769 0.95133 0.904769 0.769642 0.559178 0.293977 0 
0 0.285635 0.54331 0.747802 0.879094 0.924334 0.879094 0.747802 0.54331 0.285635 0 
0 0.275545 0.524118 0.721387 0.848041 0.891683 0.848041 0.721387 0.524118 0.275545 0 
0 0.26377 0.50172 0.690558 0.8118 0.853577 0.8118 0.690558 0.50172 0.26377 0 
0 0.25038 0.476252 0.655505 0.770592 0.810248 0.770592 0.655505 0.476252 0.25038 0 
0 0.235459 0.44787 0.616441 0.72467 0.761963 0.72467 0.616441 0.44787 0.235459 0 
0 0.219098 0.416749 0.573606 0.674314 0.709015 0.674314 0.573606 0.416749 0.219098 0 
0 0.201396 0.383078 0.527261 0.619833 0.651731 0.619833 0.527261 0.383078 0.201396 0 
0 0.182462 0.347063 0.477691 0.561559 0.590458 0.561559 0.477691 0.347063 0.182462 0 
0 0.162411 0.308925 0.425198 0.49985 0.525574 0.49985 0.425198 0.308925 0.162411 0 
0 0.141367 0.268896 0.370104 0.435083 0.457474 0.435083 0.370104 0.268896 0.141367 0 
0 0.119458 0.227223 0.312746 0.367655 0.386575 0.367655 0.312746 0.227223 0.119458 0 
0 0.0968185 0.18416 0.253474 0.297977 0.313311 0.297977 0.253474 0.18416 0.0968185 0 
0 0.0735864 0.13997 0.192652 0.226476 0.238131 0.226476 0.192652 0.13997 0.0735864 0 
0 0.0499041 0.0949233 0.130651 0.153589 0.161493 0.153589 0.130651 0.0949233 0.0499041 0 
0 0.0259165 0.0492962 0.0678504 0.0797629 0.0838677 0.0797629 0.0678504 0.0492962 0.0259165 0 
0 0.00177039 0.00336748 0.00463494 0.0054487 0.0057291 0.0054487 0.00463494 0.00336748 0.00177039 0 
0 -0.0223866 -0.0425818 -0.0586089 -0.0688989 -0.0724445 -0.0688989 -0.0586089 -0.0425818 -0.0223866 0 
0 -0.0464066 -0.0882706 -0.121494 -0.142825 -0.150175 -0.142825 -0.121494 -0.0882706 -0.0464066 0 
0 -0.0701427 -0.133419 -0.183636 -0.215877 -0.226987 -0.215877 -0.183636 -0.133419 -0.0701427 0 
0 -0.0934497 -0.177752 -0.244655 -0.287609 -0.30241 -0.287609 -0.244655 -0.177752 -0.0934497 0 
0 -0.116185 -0.220997 -0.304176 -0.357581 -0.375982 -0.357581 -0.304176 -0.220997 -0.116185 0 
0 -0.138209 -0.26289 -0.361837 -0.425365 -0.447255 -0.425365 -0.361837 -0.26289 -0.138209 0 
0 -0.159388 -0.303175 -0.417284 -0.490547 -0.515791 -0.490547 -0.417284 -0.303175 -0.159388 0 
0 -0.179592 -0.341604 -0.470178 -0.552728 -0.581172 -0.552728 -0.470178 -0.341604 -0.179592 0 
0 -0.198697 -0.377944 -0.520196 -0.611527 -0.642997 -0.611527 -0.520196 -0.377944 -0.198697 0 
0 -0.216587 -0.411972 -0.567031 -0.666585 -0.700889 -0.666585 -0.567031 -0.411972 -0.216587 0 
0 -0.233151 -0.443479 -0.610397 -0.717565 -0.754492 -0.717565 -0.610397 -0.443479 -0.233151 0 
0 -0.248289 -0.472273 -0.650029 -0.764154 -0.80348 -0.764154 -0.650029 -0.472273 -0.248289 0 
0 -0.261908 -0.498178 -0.685683 -0.806069 -0.847551 -0.806069 -0.685683 -0.498178 -0.261908 0 
0 -0.273924 -0.521035 -0.717143 -0.843053 -0.886438 -0.843053 -0.717143 -0.521035 -0.273924 0 
0 -0.284265 -0.540704 -0.744216 -0.874878 -0.919901 -0.874878 -0.744216 -0.540704 -0.284265 0 
0 -0.292867 -0.557066 -0.766735 -0.901351 -0.947737 -0.901351 -0.766735 -0.557066 -0.292867 0 
0 -0.299677 -0.570019 -0.784564 -0.92231 -0.969774 -0.92231 -0.784564 -0.570019 -0.299677 0 
0 -0.304653 -0.579485 -0.797592 -0.937626 -0.985878 -0.937626 -0.797592 -0.579485 -0.304653 0 
0 -0.307766 -0.585405 -0.805741 -0.947206 -0.995951 -0.947206 -0.805741 -0.585405 -0.307766 0 
0 -0.308996 -0.587744 -0.808961 -0.950991 -0.999931 -0.950991 -0.808961 -0.587744 -0.308996 0 
0 -0.308335 -0.586488 -0.807231 -0.948957 -0.997793 -0.948957 -0.807231 -0.586488 -0.308335 0 
0 -0.305788 -0.581643 -0.800563 -0.941118 -0.98955 -0.941118 -0.800563 -0.581643 -0.305788 0 
0 -0.30137 -0.57324 -0.788997 -0.927522 -0.975254 -0.927522 -0.788997 -0.57324 -0.30137 0 
0 -0.295108 -0.56133 -0.772604 -0.90825 -0.954991 -0.90825 -0.772604 -0.56133 -0.295108 0 
0 -0.287041 -0.545985 -0.751484 -0.883423 -0.928886 -0.883423 -0.751484 -0.545985 -0.287041 0 
0 -0.277218 -0.5273 -0.725767 -0.85319 -0.897097 -0.85319 -0.725767 -0.5273 -0.277218 0 
0 -0.265699 -0.50539 -0.695609 -0.817738 -0.85982 -0.817738 -0.695609 -0.50539 -0.265699 0 
0 -0.252554 -0.480387 -0.661196 -0.777283 -0.817283 -0.777283 -0.661196 -0.480387 -0.252554 0 
0 -0.237865 -0.452445 -0.622738 -0.732072 -0.769746 -0.732072 -0.622738 -0.452445 -0.237865 0 
0 -0.22172 -0.421736 -0.58047 -0.682383 -0.7175 -0.682383 -0.58047 -0.421736 -0.22172 0 
0 -0.204218 -0.388446 -0.53465 -0.628519 -0.660864 -0.628519 -0.53465 -0.388446 -0.204218 0 
0 -0.185467 -0.35278 -0.48556 -0.570809 -0.600185 -0.570809 -0.48556 -0.35278 -0.185467 0 
0 -0.165582 -0.314955 -0.433498 -0.509608 -0.535834 -0.509608 -0.433498 -0.314955 -0.165582 0 
0 -0.144683 -0.275204 -0.378785 -0.445289 -0.468204 -0.445289 -0.378785 -0.275204 -0.144683 0 
0 -0.122899 -0.233768 -0.321755 -0.378245 -0.397711 -0.378245 -0.321755 -0.233768 -0.122899 0 
0 -0.100364 -0.190903 -0.262756 -0.308888 -0.324784 -0.308888 -0.262756 -0.190903 -0.100364 0 
0 -0.0772141 -0.14687 -0.202149 -0.23764 -0.24987 -0.23764 -0.202149 -0.14687 -0.0772141 0 
0 -0.053592 -0.101938 -0.140306 -0.164939 -0.173427 -0.164939 -0.140306 -0.101938 -0.053592 0 
0 -0.0296421 -0.0563826 -0.077604 -0.091229 -0.0959239 -0.091229 -0.077604 -0.0563826 -0.0296421 0 
0 -0.00551084 -0.0104822 -0.0144276 -0.0169606 -0.0178334 -0.0169606 -0.0144276 -0.0104822 -0.00551084 0 
0 0.0186541 0.0354823 0.0488372 0.0574116 0.0603661 0.0574116 0.0488372 0.0354823 0.0186541 0 
0 0.042705 0.0812297 0.111803 0.131432 0.138196 0.131432 0.111803 0.0812297 0.042705 0 
0 0.0664946 0.12648 0.174085 0.204649 0.215181 0.204649 0.174085 0.12648 0.0664946 0 
0 0.0898774 0.170957 0.235302 0.276614 0.290849 0.276614 0.235302 0.170957 0.0898774 0 
0 0.11271 0.214388 0.295079 0.346887 0.364738 0.346887 0.295079 0.214388 0.11271 0 
0 0.134854 0.256507 0.353051 0.415037 0.436396 0.415037 0.353051 0.256507 0.134854 0 
0 0.156172 0.297057 0.408864 0.480648 0.505383 0.480648 0.408864 0.297057 0.156172 0 
0 0.176535 0.335789 0.462174 0.543318 0.571279 0.543318 0.462174 0.335789 0.176535 0 
0 0.195818 0.372467 0.512657 0.602665 0.633679 0.602665 0.512657 0.372467 0.195818 0 
0 0.213903 0.406867 0.560004 0.658324 0.692203 0.658324 0.560004 0.406867 0.213903 0 
0 0.230679 0.438777 0.603925 0.709956 0.746492 0.709956 0.603925 0.438777 0.230679 0 
0 0.246044 0.468003 0.644151 0.757245 0.796214 0.757245 0.644151 0.468003 0.246044 0 
0 0.259903 0.494366 0.680436 0.7999 0.841065 0.7999 0.680436 0.494366 0.259903 0 
0 0.272173 0.517704 0.712558 0.837662 0.88077 0.837662 0.712558 0.517704 0.272173 0 
0 0.282777 0.537875 0.740321 0.870299 0.915087 0.870299 0.740321 0.537875 0.282777 0 
0 0.291652 0.554755 0.763554 0.897612 0.943805 0.897612 0.763554 0.554755 0.291652 0 
0 0.298742 0.568241 0.782117 0.919433 0.966749 0.919433 0.782117 0.568241 0.298742 0 
0 0.304004 0.578251 0.795894 0.935629 0.983779 0.935629 0.795894 0.578251 0.304004 0 
0 0.307407 0.584723 0.804802 0.946101 0.99479 0.946101 0.804802 0.584723 0.307407 0 
0 0.308929 0.587618 0.808786 0.950785 0.999715 0.950785 0.808786 0.587618 0.308929 0 
0 0.308561 0.586917 0.807822 0.949652 0.998523 0.949652 0.807822 0.586917 0.308561 0 
0 0.306305 0.582626 0.801916 0.942709 0.991223 0.942709 0.801916 0.582626 0.306305 0 
0 0.302175 0.574771 0.791104 0.929999 0.977859 0.929999 0.791104 0.574771 0.302175 0 
0 0.296196 0.563399 0.775452 0.911599 0.958512 0.911599 0.775452 0.563399 0.296196 0 
0 0.288406 0.54858 0.755056 0.887622 0.933301 0.887622 0.755056 0.54858 0.288406 0 
0 0.278851 0.530406 0.730041 0.858214 0.90238 0.858214 0.730041 0.530406 0.278851 0 
0 0.26759 0.508986 0.700559 0.823556 0.865938 0.823556 0.700559 0.508986 0.26759 0 
0 0.254691 0.484452 0.666791 0.78386 0.824199 0.78386 0.666791 0.484452 0.254691 0 
0 0.240235 0.456954 0.628944 0.739368 0.777417 0.739368 0.628944 0.456954 0.240235 0 
0 0.224309 0.426661 0.587248 0.690352 0.725879 0.690352 0.587248 0.426661 0.224309 0 
0 0.207011 0.393757 0.541961 0.637113 0.6699 0.637113 0.541961 0.393757 0.207011 0 
0 0.188446 0.358445 0.493357 0.579976 0.609823 0.579976 0.493357 0.358445 0.188446 0 
0 0.168728 0.320939 0.441735 0.519291 0.546015 0.519291 0.441735 0.320939 0.168728 0 
0 0.147978 0.281471 0.387411 0.455429 0.478866 0.455429 0.387411 0.281471 0.147978 0 
0 0.126322 0.24028 0.330716 0.38878 0.408788 0.38878 0.330716 0.24028 0.126322 0 
0 0.103894 0.197619 0.271999 0.319754 0.336209 0.319754 0.271999 0.197619 0.103894 0 
0 0.0808304 0.153749 0.211617 0.24877 0.261573 0.24877 0.211617 0.153749 0.0808304 0 
0 0.057272 0.108938 0.14994 0.176265 0.185336 0.176265 0.14994 0.108938 0.057272 0 
0 0.0333633 0.0634608 0.0873463 0.102682 0.107966 0.102682 0.0873463 0.0634608 0.0333633 0 
0 0.00925048 0.0175955 0.0242181 0.02847 0.0299352 0.02847 0.0242181 0.0175955 0.00925048 0 
0 -0.014919 -0.0283775 -0.0390583 -0.0459158 -0.0482788 -0.0459158 -0.0390583 -0.0283775 -0.014919 0 
0 -0.0389971 -0.0741769 -0.102096 -0.120021 -0.126197 -0.120021 -0.102096 -0.0741769 -0.0389971 0 
0 -0.0628367 -0.119523 -0.164509 -0.193391 -0.203344 -0.193391 -0.164509 -0.119523 -0.0628367 0 
0 -0.0862919 -0.164137 -0.225915 -0.265579 -0.279246 -0.265579 -0.225915 -0.164137 -0.0862919 0 
0 -0.109219 -0.207747 -0.285939 -0.336142 -0.35344 -0.336142 -0.285939 -0.207747 -0.109219 0 
0 -0.131478 -0.250086 -0.344214 -0.404648 -0.425472 -0.404648 -0.344214 -0.250086 -0.131478 0 
0 -0.152933 -0.290895 -0.400383 -0.470679 -0.494901 -0.470679 -0.400383 -0.290895 -0.152933 0 
0 -0.173452 -0.329925 -0.454103 -0.53383 -0.561302 -0.53383 -0.454103 -0.329925 -0.173452 0 
0 -0.19291 -0.366936 -0.505044 -0.593715 -0.624269 -0.593715 -0.505044 -0.366936 -0.19291 0 
0 -0.211187 -0.401702 -0.552895 -0.649968 -0.683416 -0.649968 -0.552895 -0.401702 -0.211187 0 
0 -0.228173 -0.434011 -0.597364 -0.702244 -0.738383 -0.702244 -0.597364 -0.434011 -0.228173 0 
0 -0.243763 -0.463664 -0.638179 -0.750224 -0.788832 -0.750224 -0.638179 -0.463664 -0.243763 0 
0 -0.257861 -0.490481 -0.675089 -0.793614 -0.834455 -0.793614 -0.675089 -0.490481 -0.257861 0 
0 -0.270382 -0.514297 -0.707868 -0.832149 -0.874973 -0.832149 -0.707868 -0.514297 -0.270382 0 
0 -0.281248 -0.534966 -0.736318 -0.865593 -0.910139 -0.865593 -0.736318 -0.534966 -0.281248 0 
0 -0.290394 -0.552363 -0.760262 -0.893741 -0.939735 -0.893741 -0.760262 -0.552363 -0.290394 0 
0 -0.297764 -0.56638 -0.779555 -0.916422 -0.963583 -0.916422 -0.779555 -0.56638 -0.297764 0 
0 -0.303311 -0.576932 -0.794079 -0.933496 -0.981535 -0.933496 -0.794079 -0.576932 -0.303311 0 
0 -0.307003 -0.583955 -0.803745 -0.944858 -0.993483 -0.944858 -0.803745 -0.583955 -0.307003 0 
0 -0.308817 -0.587405 -0.808493 -0.950441 -0.999352 -0.950441 -0.808493 -0.587405 -0.308817 0 
0 -0.308741 -0.587261 -0.808295 -0.950208 -0.999108 -0.950208 -0.808295 -0.587261 -0.308741 0 
0 -0.306777 -0.583524 -0.803152 -0.944162 -0.992751 -0.944162 -0.803152 -0.583524 -0.306777 0 
0 -0.302936 -0.576218 -0.793096 -0.93234 -0.98032 -0.93234 -0.793096 -0.576218 -0.302936 0 
0 -0.297241 -0.565386 -0.778187 -0.914814 -0.961892 -0.914814 -0.778187 -0.565386 -0.297241 0 
0 -0.289728 -0.551095 -0.758518 -0.891691 -0.937579 -0.891691 -0.758518 -0.551095 -0.289728 0 
0 -0.280442 -0.533433 -0.734207 -0.863113 -0.90753 -0.863113 -0.734207 -0.533433 -0.280442 0 
0 -0.269441 -0.512507 -0.705405 -0.829254 -0.871929 -0.829254 -0.705405 -0.512507 -0.269441 0 
0 -0.256791 -0.488446 -0.672288 -0.790322 -0.830993 -0.790322 -0.672288 -0.488446 -0.256791 0 
0 -0.24257 -0.461396 -0.635057 -0.746555 -0.784974 -0.746555 -0.635057 -0.461396 -0.24257 0 
0 -0.226865 -0.431524 -0.593941 -0.69822 -0.734152 -0.69822 -0.593941 -0.431524 -0.226865 0 
0 -0.209773 -0.399011 -0.549192 -0.645614 -0.678838 -0.645614 -0.549192 -0.399011 -0.209773 0 
0 -0.191396 -0.364058 -0.501082 -0.589058 -0.619372 -0.589058 -0.501082 -0.364058 -0.191396 0 
0 -0.171849 -0.326877 -0.449907 -0.528898 -0.556116 -0.528898 -0.449907 -0.326877 -0.171849 0 
0 -0.151251 -0.287696 -0.39598 -0.465502 -0.489458 -0.465502 -0.39598 -0.287696 -0.151251 0 
0 -0.129727 -0.246755 -0.33963 -0.399259 -0.419805 -0.399259 -0.33963 -0.246755 -0.129727 0 
0 -0.107409 -0.204305 -0.281202 -0.330572 -0.347584 -0.330572 -0.281202 -0.204305 -0.107409 0 
0 -0.0844349 -0.160605 -0.221053 -0.259864 -0.273237 -0.259864 -0.221053 -0.160605 -0.0844349 0 
0 -0.0609437 -0.115922 -0.159553 -0.187565 -0.197218 -0.187565 -0.159553 -0.115922 -0.0609437 0 
0 -0.0370796 -0.0705297 -0.0970758 -0.114119 -0.119992 -0.114119 -0.0970758 -0.0705297 -0.0370796 0 
0 -0.0129888 -0.0247061 -0.034005 -0.0399753 -0.0420325 -0.0399753 -0.034005 -0.0247061 -0.0129888 0 
0 0.0111816 0.0212686 0.0292738 0.0344134 0.0361844 0.0344134 0.0292738 0.0212686 0.0111816 0 
0 0.0352835 0.0671133 0.0923735 0.108592 0.11418 0.108592 0.0923735 0.0671133 0.0352835 0 
0 0.0591696 0.112547 0.154908 0.182105 0.191477 0.182105 0.154908 0.112547 0.0591696 0 
0 0.0826937 0.157293 0.216495 0.254505 0.267602 0.254505 0.216495 0.157293 0.0826937 0 
0 0.105712 0.201076 0.276757 0.325348 0.342091 0.325348 0.276757 0.201076 0.105712 0 
0 0.128083 0.243629 0.335326 0.3942 0.414486 0.3942 0.335326 0.243629 0.128083 0 
0 0.149671 0.284691 0.391844 0.46064 0.484346 0.46064 0.391844 0.284691 0.149671 0 
0 0.170343 0.324012 0.445964 0.524263 0.551242 0.524263 0.445964 0.324012 0.170343 0 
0 0.189973 0.361351 0.497356 0.584678 0.614766 0.584678 0.497356 0.361351 0.189973 0 
0 0.208441 0.396478 0.545706 0.641516 0.674529 0.641516 0.545706 0.396478 0.208441 0 
0 0.225634 0.429181 0.590716 0.694429 0.730166 0.694429 0.590716 0.429181 0.225634 0 
0 0.241446 0.459257 0.632113 0.743093 0.781335 0.743093 0.632113 0.459257 0.241446 0 
0 0.255781 0.486524 0.669642 0.787212 0.827724 0.787212 0.669642 0.486524 0.255781 0 
0 0.268551 0.510814 0.703075 0.826514 0.869049 0.826514 0.703075 0.510814 0.268551 0 
0 0.279678 0.531979 0.732206 0.86076 0.905057 0.86076 0.732206 0.531979 0.279678 0 
0 0.289094 0.549889 0.756858 0.88974 0.935528 0.88974 0.756858 0.549889 0.289094 0 
0 0.296741 0.564436 0.776879 0.913276 0.960275 0.913276 0.776879 0.564436 0.296741 0 
0 0.302573 0.575529 0.792147 0.931225 0.979148 0.931225 0.792147 0.575529 0.302573 0 
0 0.306554 0.583101 0.802569 0.943477 0.99203 0.943477 0.802569 0.583101 0.306554 0 
0 0.30866 0.587106 0.808081 0.949957 0.998844 0.949957 0.808081 0.587106 0.30866 0 
0 0.308877 0.587518 0.80865 0.950625 0.999546 0.950625 0.80865 0.587518 0.308877 0 
0 0.307204 0.584337 0.804271 0.945477 0.994133 0.945477 0.804271 0.584337 0.307204 0 
0 0.303652 0.57758 0.794971 0.934544 0.982638 0.934544 0.794971 0.57758 0.303652 0 
0 0.298242 0.56729 0.780808 0.917895 0.965132 0.917895 0.780808 0.56729 0.298242 0 
0 0.291008 0.553529 0.761868 0.895629 0.94172 0.895629 0.761868 0.553529 0.291008 0 
0 0.281993 0.536382 0.738267 0.867884 0.912548 0.867884 0.738267 0.536382 0.281993 0 
0 0.271253 0.515953 0.710149 0.83483 0.877792 0.83483 0.710149 0.515953 0.271253 0 
0 0.258853 0.492368 0.677686 0.796668 0.837666 0.796668 0.677686 0.492368 0.258853 0 
0 0.24487 0.46577 0.641078 0.753632 0.792416 0.753632 0.641078 0.46577 0.24487 0 
0 0.229389 0.436323 0.600547 0.705986 0.742317 0.705986 0.600547 0.436323 0.229389 0 
0 0.212504 0.404207 0.556343 0.65402 0.687677 0.65402 0.556343 0.404207 0.212504 0 
0 0.194319 0.369617 0.508734 0.598053 0.62883 0.598053 0.508734 0.369617 0.194319 0 
0 0.174946 0.332766 0.458013 0.538427 0.566136 0.538427 0.458013 0.332766 0.174946 0 
0 0.154502 0.29388 0.404491 0.475507 0.499978 0.475507 0.404491 0.29388 0.154502 0 
0 0.133113 0.253195 0.348493 0.409678 0.430761 0.409678 0.348493 0.253195 0.133113 0 
0 0.110909 0.210962 0.290364 0.341343 0.358909 0.341343 0.290364 0.210962 0.110909 0 
0 0.088027 0.167437 0.230458 0.270919 0.284861 0.270919 0.230458 0.167437 0.088027 0 
0 0.0646064 0.122889 0.169142 0.198838 0.209071 0.198838 0.169142 0.122889 0.0646064 0 
0 0.0407905 0.0775882 0.106791 0.12554 0.132001 0.12554 0.106791 0.0775882 0.0407905 0 
0 0.0167251 0.0318131 0.043787 0.0514747 0.0541237 0.0514747 0.043787 0.0318131 0.0167251 0 
0 -0.00744258 -0.0141566 -0.0194849 -0.0229059 -0.0240847 -0.0229059 -0.0194849 -0.0141566 -0.00744258 0 
0 -0.0315648 -0.0600398 -0.0826376 -0.0971464 -0.102146 -0.0971464 -0.0826376 -0.0600398 -0.0315648 0 
0 -0.0554939 -0.105556 -0.145285 -0.170793 -0.179582 -0.170793 -0.145285 -0.105556 -0.0554939 0 
0 -0.0790834 -0.150426 -0.207043 -0.243394 -0.255919 -0.243394 -0.207043 -0.150426 -0.0790834 0 
0 -0.102189 -0.194375 -0.267535 -0.314506 -0.330691 -0.314506 -0.267535 -0.194375 -0.102189 0 
0 -0.12467 -0.237136 -0.32639 -0.383694 -0.40344 -0.383694 -0.32639 -0.237136 -0.12467 0 
0 -0.146388 -0.278446 -0.383248 -0.450535 -0.47372 -0.450535 -0.383248 -0.278446 -0.146388 0 
0 -0.16721 -0.318052 -0.437761 -0.514619 -0.541102 -0.514619 -0.437761 -0.318052 -0.16721 0 
0 -0.187009 -0.355712 -0.489596 -0.575555 -0.605174 -0.575555 -0.489596 -0.355712 -0.187009 0 
0 -0.205664 -0.391197 -0.538436 -0.632969 -0.665543 -0.632969 -0.538436 -0.391197 -0.205664 0 
0 -0.223061 -0.424288 -0.583982 -0.686512 -0.721841 -0.686512 -0.583982 -0.424288 -0.223061 0 
0 -0.239093 -0.454783 -0.625955 -0.735854 -0.773723 -0.735854 -0.625955 -0.454783 -0.239093 0 
0 -0.253663 -0.482495 -0.664098 -0.780694 -0.82087 -0.780694 -0.664098 -0.482495 -0.253663 0 
0 -0.26668 -0.507256 -0.698179 -0.820758 -0.862996 -0.820758 -0.698179 -0.507256 -0.26668 0 
0 -0.278067 -0.528914 -0.727988 -0.855801 -0.899842 -0.855801 -0.727988 -0.528914 -0.278067 0 
0 -0.287751 -0.547336 -0.753343 -0.885608 -0.931183 -0.885608 -0.753343 -0.547336 -0.287751 0 
0 -0.295676 -0.562409 -0.774089 -0.909997 -0.956827 -0.909997 -0.774089 -0.562409 -0.295676 0 
0 -0.301791 -0.574041 -0.7901 -0.928818 -0.976617 -0.928818 -0.7901 -0.574041 -0.301791 0 
0 -0.30606 -0.582162 -0.801277 -0.941957 -0.990433 -0.941957 -0.801277 -0.582162 -0.30606 0 
0 -0.308457 -0.58672 -0.807551 -0.949334 -0.998188 -0.949334 -0.807551 -0.58672 -0.308457 0 
